146.87
145.67
151.95
150.23
155.86
154.4
155.92
162.13
171.06
174.01
193.52
205.25
212.8
222.1
215.84
227.96
237.33
262.94
288.08
294.48
302.71
293.06
277.78
269.18
273.54
275.58
248.49
249.5
243.14
240.89
225.49
201.85
193.35
186.35
169.79
190.77
175.97
179.6
172.37
160.64
154.63
158.27
153
153.01
152.96
151.43
138.86
138.44
135.63
132.78
128.83
122.75
126.74
135.03
176.28
216.06
226.99
215.24
198.91
198.59
214.5
212.01
227.06
212.93
200.59
190.9
179.94
160.02
164.95
158.17
159.77
153.29
158.78
147.65
153.88
148.94
149.82
146.32
148.94
156.94
154.2
155.4
165.85
172.35
170.34
178.07
178.62
185.13
162.56
167.83
165.56
159.39
155.9
151.18
144.1
151.69
154.59
149.72
143.12
144.24
141.83
144.15
142.93
140.2
140.37
141.68
139.83
133.04
128.55
124.39
140.58
142.12
130.72
132.62
134.48
129.4
128.44
127.79
137.97
141.29
134.5